# Created by Octave 4.2.1, Thu Oct 26 13:19:29 2017 GMT <unknown@unknown>
# name: v
# type: matrix
# rows: 1
# columns: 10
 40920 14488 26052 75136 38344 72993 35948 42666 67497 35483


